	4.824    0.286    -1.005     4.936
	-0.172    -0.220    0.068     0.320
	1.762    1.831    -1.528     2.969
	0.261    -0.111    2.137     2.212
	-0.518    -0.052    -0.723     0.902
	0.013    -0.427    -0.008     0.450
	-0.185    0.035    -0.081     0.248
	0.007    0.310    1.680     1.714
	-0.457    -0.619    -1.112     1.359
	-0.284    -0.478    -0.443     0.724
	-0.273    0.158    0.279     0.421
	0.189    -0.447    0.185     0.520
	0.096    0.575    -0.211     0.620
	0.096    0.205    -0.147     0.270
	0.533    -0.261    2.908     2.968
	0.215    -0.031    1.316     1.334
	-0.057    -0.081    -0.182     0.207
	-0.512    -0.209    -0.882     1.041
	-0.095    0.095    0.308     0.336
	-0.045    0.105    0.071     0.134
	-0.354    -0.133    0.330     0.502